2 0.8 0.20078125 0.15625 0.271875
2 0.82265625 0.5578125 0.096875 0.1515625
2 0.91484375 0.86015625 0.1703125 0.2796875
2 0.70703125 0.7484375 0.1046875 0.225
2 0.61796875 0.89296875 0.0859375 0.140625
2 0.58515625 0.5828125 0.053125 0.1625
2 0.52265625 0.81171875 0.065625 0.15
2 0.54296875 0.425 0.034375 0.090625
2 0.64765625 0.39140625 0.0890625 0.1890625
2 0.640625 0.1234375 0.075 0.13125
2 0.55390625 0.22578125 0.06875 0.1859375
2 0.4703125 0.39765625 0.0578125 0.165625
2 0.48046875 0.5921875 0.071875 0.13125
2 0.43203125 0.65703125 0.046875 0.1203125
2 0.4109375 0.76796875 0.0515625 0.090625
2 0.45625 0.8953125 0.053125 0.134375
2 0.38515625 0.69375 0.04375 0.0859375
2 0.3484375 0.58828125 0.0390625 0.103125
2 0.31015625 0.4609375 0.025 0.109375
2 0.35546875 0.45703125 0.0296875 0.090625
2 0.40703125 0.47734375 0.0390625 0.1203125
2 0.41328125 0.2546875 0.0625 0.1140625
2 0.475 0.1125 0.075 0.171875
2 0.3984375 0.0828125 0.046875 0.13125
2 0.36015625 0.28828125 0.053125 0.1375
2 0.315625 0.2765625 0.034375 0.109375
2 0.3234375 0.371875 0.040625 0.1
2 0.34765625 0.13359375 0.05 0.1484375
2 0.28125 0.13203125 0.05 0.1
2 0.29765625 0.0390625 0.065625 0.0765625