2 0.8 0.79921875 0.15625 0.271875
2 0.82265625 0.4421875 0.096875 0.1515625
2 0.91484375 0.13984375 0.1703125 0.2796875
2 0.70703125 0.2515625 0.1046875 0.225
2 0.61796875 0.10703125 0.0859375 0.140625
2 0.58515625 0.4171875 0.053125 0.1625
2 0.52265625 0.18828125 0.065625 0.15
2 0.54296875 0.575 0.034375 0.090625
2 0.64765625 0.60859375 0.0890625 0.1890625
2 0.640625 0.8765625 0.075 0.13125
2 0.55390625 0.77421875 0.06875 0.1859375
2 0.4703125 0.60234375 0.0578125 0.165625
2 0.48046875 0.4078125 0.071875 0.13125
2 0.43203125 0.34296875 0.046875 0.1203125
2 0.4109375 0.23203125 0.0515625 0.090625
2 0.45625 0.1046875 0.053125 0.134375
2 0.38515625 0.30625 0.04375 0.0859375
2 0.3484375 0.41171875 0.0390625 0.103125
2 0.31015625 0.5390625 0.025 0.109375
2 0.35546875 0.54296875 0.0296875 0.090625
2 0.40703125 0.52265625 0.0390625 0.1203125
2 0.41328125 0.7453125 0.0625 0.1140625
2 0.475 0.8875 0.075 0.171875
2 0.3984375 0.9171875 0.046875 0.13125
2 0.36015625 0.71171875 0.053125 0.1375
2 0.315625 0.7234375 0.034375 0.109375
2 0.3234375 0.628125 0.040625 0.1
2 0.34765625 0.86640625 0.05 0.1484375
2 0.28125 0.86796875 0.05 0.1
2 0.29765625 0.9609375 0.065625 0.0765625