2 0.20078125 0.8 0.27109375 0.15703125
2 0.5578125 0.82265625 0.1515625 0.09609375
2 0.86015625 0.91484375 0.2796875 0.1703125
2 0.7484375 0.70703125 0.22578125 0.1046875
2 0.89296875 0.61796875 0.14140625 0.0859375
2 0.5828125 0.58515625 0.1625 0.05234375
2 0.81171875 0.52265625 0.15 0.06640625
2 0.425 0.54296875 0.08984375 0.03359375
2 0.39140625 0.64765625 0.1890625 0.0890625
2 0.1234375 0.640625 0.13203125 0.07421875
2 0.22578125 0.55390625 0.1859375 0.06953125
2 0.39765625 0.4703125 0.165625 0.0578125
2 0.5921875 0.48046875 0.13203125 0.071875
2 0.65703125 0.43203125 0.1203125 0.04765625
2 0.76796875 0.4109375 0.08984375 0.0515625
2 0.8953125 0.45625 0.13515625 0.053125
2 0.69375 0.38515625 0.0859375 0.04375
2 0.58828125 0.3484375 0.10390625 0.0390625
2 0.4609375 0.31015625 0.109375 0.025
2 0.45703125 0.35546875 0.08984375 0.0296875
2 0.47734375 0.40703125 0.1203125 0.0390625
2 0.2546875 0.41328125 0.1140625 0.06328125
2 0.1125 0.475 0.17109375 0.07421875
2 0.0828125 0.3984375 0.13203125 0.04609375
2 0.28828125 0.36015625 0.13828125 0.05234375
2 0.2765625 0.315625 0.109375 0.03359375
2 0.371875 0.3234375 0.10078125 0.04140625
2 0.13359375 0.34765625 0.1484375 0.05078125
2 0.13203125 0.28125 0.09921875 0.04921875
2 0.0390625 0.29765625 0.0765625 0.06640625
2 0.321875 0.028125 0.00078125 0.05625